<svg width="131" height="71" viewBox="0 0 131 71" fill="none" xmlns="http://www.w3.org/2000/svg">
<path d="M46.0998 53C45.6998 52.9 45.2998 53.2 45.1998 53.6C45.0998 54 45.3998 54.4 45.6998 54.5C45.7998 54.5 45.7998 54.5 45.8998 54.5C46.2998 54.5 46.5998 54.3 46.6998 53.9C46.7998 53.5 46.4998 53.1 46.0998 53Z" fill="#404041"/>
<path d="M46.6996 56.9C46.5996 56.5 46.1996 56.2 45.7996 56.3C45.3996 56.4 45.0996 56.8 45.1996 57.2C45.2996 57.6 45.6996 57.8 45.9996 57.8C46.0996 57.8 46.0996 57.8 46.1996 57.8C46.5996 57.7 46.7996 57.2 46.6996 56.9Z" fill="#404041"/>
<path d="M47.1998 49.9C46.7998 49.8 46.2998 50 46.1998 50.4C46.0998 50.8 46.2998 51.3 46.7998 51.4C46.7998 51.4 46.8998 51.4 46.9998 51.4C47.2998 51.4 47.5998 51.2 47.6998 50.9C47.7998 50.5 47.5998 50 47.1998 49.9Z" fill="#404041"/>
<path d="M47.9998 59.4C47.6998 59.1 47.1998 59 46.8998 59.3C46.5998 59.6 46.4998 60.1 46.7998 60.4C46.9998 60.6 47.1998 60.7 47.3998 60.7C47.5998 60.7 47.7998 60.6 47.8998 60.5C48.2998 60.2 48.2998 59.8 47.9998 59.4Z" fill="#404041"/>
<path d="M48.2999 46.8C47.8999 46.7 47.3999 46.9 47.2999 47.3C47.1999 47.7 47.3999 48.2 47.7999 48.3H48.0999C48.3999 48.3 48.6999 48.1 48.7999 47.8C48.8999 47.4 48.6999 46.9 48.2999 46.8Z" fill="#404041"/>
<path d="M49.3997 43.6999C48.9997 43.5999 48.4997 43.7999 48.3997 44.1999C48.1997 44.5999 48.3997 45.0999 48.9997 45.1999C48.9997 45.1999 49.0997 45.1999 49.1997 45.1999C49.4997 45.1999 49.7997 44.9999 49.8997 44.6999C49.9997 44.2999 49.7997 43.7999 49.3997 43.6999Z" fill="#404041"/>
<path d="M50.2997 61.2C49.9997 61.1 49.4997 61.2 49.2997 61.6C49.1997 62 49.2997 62.4 49.6997 62.6C49.7997 62.7 49.8997 62.7 49.9997 62.7C50.2997 62.7 50.5997 62.6 50.6997 62.3C50.8997 61.9 50.7997 61.4 50.2997 61.2Z" fill="#404041"/>
<path d="M50.4 40.5999C50 40.4999 49.5 40.6999 49.4 41.0999C49.3 41.4999 49.5 41.9999 50 42.0999C50 42.0999 50.1 42.0999 50.2 42.0999C50.5 42.0999 50.8 41.8999 50.9 41.5999C51 41.1999 50.8 40.6999 50.4 40.5999Z" fill="#404041"/>
<path d="M53.3 61.7999C52.8 61.7999 52.5 62.1999 52.5 62.5999C52.5 63.0999 52.9 63.3999 53.3 63.3999C53.7 63.3999 54 63.0999 54.1 62.5999C54.1 62.0999 53.7 61.7999 53.3 61.7999Z" fill="#404041"/>
<path d="M57.1997 61.7C57.0997 61.3 56.5997 61.1 56.1997 61.3C55.7997 61.5 55.5997 61.9 55.7997 62.3C55.8997 62.5 56.1997 62.7 56.4997 62.7C56.5997 62.7 56.6997 62.7 56.7997 62.6C57.1997 62.4 57.3997 62 57.1997 61.7Z" fill="#404041"/>
<path d="M58.0997 44.1999C57.9997 43.7999 57.4997 43.5999 57.0997 43.6999C56.6997 43.8999 56.4997 44.2999 56.5997 44.6999C56.6997 44.9999 56.9997 45.1999 57.2997 45.1999H57.5997C57.9997 44.9999 58.1997 44.5999 58.0997 44.1999Z" fill="#404041"/>
<path d="M59.1999 47.3C59.0999 46.9 58.5999 46.7 58.2999 46.8C57.8999 47 57.6999 47.4 57.7999 47.8C57.8999 48.1 58.1999 48.3 58.4999 48.3C58.4999 48.3 58.5999 48.3 58.6999 48.3C59.0999 48.1 59.2999 47.7 59.1999 47.3Z" fill="#404041"/>
<path d="M59.6 59.3C59.3 59 58.8 59.1 58.5 59.4C58.2 59.8 58.3 60.2 58.6 60.5C58.8 60.6 58.9 60.7 59.1 60.7C59.3 60.7 59.5 60.6 59.7 60.4C59.9 60.1 59.9 59.6 59.6 59.3Z" fill="#404041"/>
<path d="M60.2999 50.4C60.0999 50 59.6999 49.8 59.2999 49.9C58.8999 50.1 58.6999 50.5 58.7999 50.9C58.8999 51.2 59.1999 51.4 59.4999 51.4H59.7999C60.1999 51.2 60.3999 50.8 60.2999 50.4Z" fill="#404041"/>
<path d="M60.5996 56.3C60.1996 56.2 59.7996 56.5 59.6996 56.9C59.5996 57.3 59.8996 57.7 60.2996 57.8C60.3996 57.8 60.3996 57.8 60.4996 57.8C60.8996 57.8 61.1996 57.6 61.2996 57.2C61.3996 56.8 61.0996 56.4 60.5996 56.3Z" fill="#404041"/>
<path d="M61.2997 53.6C61.1997 53.2 60.7997 52.9 60.3997 53C59.9997 53.1 59.6997 53.5 59.7997 53.9C59.7997 54.3 60.1997 54.5 60.4997 54.5C60.5997 54.5 60.5997 54.5 60.6997 54.5C61.0997 54.4 61.3997 54 61.2997 53.6Z" fill="#404041"/>
<path d="M61.2997 53.6C61.1997 53.2 60.7997 52.9 60.3997 53C59.9997 53.1 59.6997 53.5 59.7997 53.9C59.7997 54.3 60.1997 54.5 60.4997 54.5C60.5997 54.5 60.5997 54.5 60.6997 54.5C61.0997 54.4 61.3997 54 61.2997 53.6Z" fill="#404041"/>
<path d="M60.5996 56.3C60.1996 56.2 59.7996 56.5 59.6996 56.9C59.5996 57.3 59.8996 57.7 60.2996 57.8C60.3996 57.8 60.3996 57.8 60.4996 57.8C60.8996 57.8 61.1996 57.6 61.2996 57.2C61.3996 56.8 61.0996 56.4 60.5996 56.3Z" fill="#404041"/>
<path d="M60.2999 50.4C60.0999 50 59.6999 49.8 59.2999 49.9C58.8999 50.1 58.6999 50.5 58.7999 50.9C58.8999 51.2 59.1999 51.4 59.4999 51.4H59.7999C60.1999 51.2 60.3999 50.8 60.2999 50.4Z" fill="#404041"/>
<path d="M59.6 59.3C59.3 59 58.8 59.1 58.5 59.4C58.2 59.8 58.3 60.2 58.6 60.5C58.8 60.6 58.9 60.7 59.1 60.7C59.3 60.7 59.5 60.6 59.7 60.4C59.9 60.1 59.9 59.6 59.6 59.3Z" fill="#404041"/>
<path d="M59.1999 47.3C59.0999 46.9 58.5999 46.7 58.2999 46.8C57.8999 47 57.6999 47.4 57.7999 47.8C57.8999 48.1 58.1999 48.3 58.4999 48.3C58.4999 48.3 58.5999 48.3 58.6999 48.3C59.0999 48.1 59.2999 47.7 59.1999 47.3Z" fill="#404041"/>
<path d="M58.0997 44.1999C57.9997 43.7999 57.4997 43.5999 57.0997 43.6999C56.6997 43.8999 56.4997 44.2999 56.5997 44.6999C56.6997 44.9999 56.9997 45.1999 57.2997 45.1999H57.5997C57.9997 44.9999 58.1997 44.5999 58.0997 44.1999Z" fill="#404041"/>
<path d="M57.1997 61.7C57.0997 61.3 56.5997 61.1 56.1997 61.3C55.7997 61.5 55.5997 61.9 55.7997 62.3C55.8997 62.5 56.1997 62.7 56.4997 62.7C56.5997 62.7 56.6997 62.7 56.7997 62.6C57.1997 62.4 57.3997 62 57.1997 61.7Z" fill="#404041"/>
<path d="M53.3 61.7999C52.8 61.7999 52.5 62.1999 52.5 62.5999C52.5 63.0999 52.9 63.3999 53.3 63.3999C53.7 63.3999 54 63.0999 54.1 62.5999C54.1 62.0999 53.7 61.7999 53.3 61.7999Z" fill="#404041"/>
<path d="M50.4 40.5999C50 40.4999 49.5 40.6999 49.4 41.0999C49.3 41.4999 49.5 41.9999 50 42.0999C50 42.0999 50.1 42.0999 50.2 42.0999C50.5 42.0999 50.8 41.8999 50.9 41.5999C51 41.1999 50.8 40.6999 50.4 40.5999Z" fill="#404041"/>
<path d="M50.2997 61.2C49.9997 61.1 49.4997 61.2 49.2997 61.6C49.1997 62 49.2997 62.4 49.6997 62.6C49.7997 62.7 49.8997 62.7 49.9997 62.7C50.2997 62.7 50.5997 62.6 50.6997 62.3C50.8997 61.9 50.7997 61.4 50.2997 61.2Z" fill="#404041"/>
<path d="M49.3997 43.6999C48.9997 43.5999 48.4997 43.7999 48.3997 44.1999C48.1997 44.5999 48.3997 45.0999 48.9997 45.1999C48.9997 45.1999 49.0997 45.1999 49.1997 45.1999C49.4997 45.1999 49.7997 44.9999 49.8997 44.6999C49.9997 44.2999 49.7997 43.7999 49.3997 43.6999Z" fill="#404041"/>
<path d="M48.2999 46.8C47.8999 46.7 47.3999 46.9 47.2999 47.3C47.1999 47.7 47.3999 48.2 47.7999 48.3H48.0999C48.3999 48.3 48.6999 48.1 48.7999 47.8C48.8999 47.4 48.6999 46.9 48.2999 46.8Z" fill="#404041"/>
<path d="M47.9998 59.4C47.6998 59.1 47.1998 59 46.8998 59.3C46.5998 59.6 46.4998 60.1 46.7998 60.4C46.9998 60.6 47.1998 60.7 47.3998 60.7C47.5998 60.7 47.7998 60.6 47.8998 60.5C48.2998 60.2 48.2998 59.8 47.9998 59.4Z" fill="#404041"/>
<path d="M47.1998 49.9C46.7998 49.8 46.2998 50 46.1998 50.4C46.0998 50.8 46.2998 51.3 46.7998 51.4C46.7998 51.4 46.8998 51.4 46.9998 51.4C47.2998 51.4 47.5998 51.2 47.6998 50.9C47.7998 50.5 47.5998 50 47.1998 49.9Z" fill="#404041"/>
<path d="M46.6996 56.9C46.5996 56.5 46.1996 56.2 45.7996 56.3C45.3996 56.4 45.0996 56.8 45.1996 57.2C45.2996 57.6 45.6996 57.8 45.9996 57.8C46.0996 57.8 46.0996 57.8 46.1996 57.8C46.5996 57.7 46.7996 57.2 46.6996 56.9Z" fill="#404041"/>
<path d="M46.0998 53C45.6998 52.9 45.2998 53.2 45.1998 53.6C45.0998 54 45.3998 54.4 45.6998 54.5C45.7998 54.5 45.7998 54.5 45.8998 54.5C46.2998 54.5 46.5998 54.3 46.6998 53.9C46.7998 53.5 46.4998 53.1 46.0998 53Z" fill="#404041"/>
<path d="M46.0998 53C45.6998 52.9 45.2998 53.2 45.1998 53.6C45.0998 54 45.3998 54.4 45.6998 54.5C45.7998 54.5 45.7998 54.5 45.8998 54.5C46.2998 54.5 46.5998 54.3 46.6998 53.9C46.7998 53.5 46.4998 53.1 46.0998 53Z" fill="#404041"/>
<path d="M46.6996 56.9C46.5996 56.5 46.1996 56.2 45.7996 56.3C45.3996 56.4 45.0996 56.8 45.1996 57.2C45.2996 57.6 45.6996 57.8 45.9996 57.8C46.0996 57.8 46.0996 57.8 46.1996 57.8C46.5996 57.7 46.7996 57.2 46.6996 56.9Z" fill="#404041"/>
<path d="M47.1998 49.9C46.7998 49.8 46.2998 50 46.1998 50.4C46.0998 50.8 46.2998 51.3 46.7998 51.4C46.7998 51.4 46.8998 51.4 46.9998 51.4C47.2998 51.4 47.5998 51.2 47.6998 50.9C47.7998 50.5 47.5998 50 47.1998 49.9Z" fill="#404041"/>
<path d="M47.9998 59.4C47.6998 59.1 47.1998 59 46.8998 59.3C46.5998 59.6 46.4998 60.1 46.7998 60.4C46.9998 60.6 47.1998 60.7 47.3998 60.7C47.5998 60.7 47.7998 60.6 47.8998 60.5C48.2998 60.2 48.2998 59.8 47.9998 59.4Z" fill="#404041"/>
<path d="M48.2999 46.8C47.8999 46.7 47.3999 46.9 47.2999 47.3C47.1999 47.7 47.3999 48.2 47.7999 48.3H48.0999C48.3999 48.3 48.6999 48.1 48.7999 47.8C48.8999 47.4 48.6999 46.9 48.2999 46.8Z" fill="#404041"/>
<path d="M49.3997 43.6999C48.9997 43.5999 48.4997 43.7999 48.3997 44.1999C48.1997 44.5999 48.3997 45.0999 48.9997 45.1999C48.9997 45.1999 49.0997 45.1999 49.1997 45.1999C49.4997 45.1999 49.7997 44.9999 49.8997 44.6999C49.9997 44.2999 49.7997 43.7999 49.3997 43.6999Z" fill="#404041"/>
<path d="M50.2997 61.2C49.9997 61.1 49.4997 61.2 49.2997 61.6C49.1997 62 49.2997 62.4 49.6997 62.6C49.7997 62.7 49.8997 62.7 49.9997 62.7C50.2997 62.7 50.5997 62.6 50.6997 62.3C50.8997 61.9 50.7997 61.4 50.2997 61.2Z" fill="#404041"/>
<path d="M50.4 40.5999C50 40.4999 49.5 40.6999 49.4 41.0999C49.3 41.4999 49.5 41.9999 50 42.0999C50 42.0999 50.1 42.0999 50.2 42.0999C50.5 42.0999 50.8 41.8999 50.9 41.5999C51 41.1999 50.8 40.6999 50.4 40.5999Z" fill="#404041"/>
<path d="M53.3 61.7999C52.8 61.7999 52.5 62.1999 52.5 62.5999C52.5 63.0999 52.9 63.3999 53.3 63.3999C53.7 63.3999 54 63.0999 54.1 62.5999C54.1 62.0999 53.7 61.7999 53.3 61.7999Z" fill="#404041"/>
<path d="M57.1997 61.7C57.0997 61.3 56.5997 61.1 56.1997 61.3C55.7997 61.5 55.5997 61.9 55.7997 62.3C55.8997 62.5 56.1997 62.7 56.4997 62.7C56.5997 62.7 56.6997 62.7 56.7997 62.6C57.1997 62.4 57.3997 62 57.1997 61.7Z" fill="#404041"/>
<path d="M58.0997 44.1999C57.9997 43.7999 57.4997 43.5999 57.0997 43.6999C56.6997 43.8999 56.4997 44.2999 56.5997 44.6999C56.6997 44.9999 56.9997 45.1999 57.2997 45.1999H57.5997C57.9997 44.9999 58.1997 44.5999 58.0997 44.1999Z" fill="#404041"/>
<path d="M59.1999 47.3C59.0999 46.9 58.5999 46.7 58.2999 46.8C57.8999 47 57.6999 47.4 57.7999 47.8C57.8999 48.1 58.1999 48.3 58.4999 48.3C58.4999 48.3 58.5999 48.3 58.6999 48.3C59.0999 48.1 59.2999 47.7 59.1999 47.3Z" fill="#404041"/>
<path d="M59.6 59.3C59.3 59 58.8 59.1 58.5 59.4C58.2 59.8 58.3 60.2 58.6 60.5C58.8 60.6 58.9 60.7 59.1 60.7C59.3 60.7 59.5 60.6 59.7 60.4C59.9 60.1 59.9 59.6 59.6 59.3Z" fill="#404041"/>
<path d="M60.2999 50.4C60.0999 50 59.6999 49.8 59.2999 49.9C58.8999 50.1 58.6999 50.5 58.7999 50.9C58.8999 51.2 59.1999 51.4 59.4999 51.4H59.7999C60.1999 51.2 60.3999 50.8 60.2999 50.4Z" fill="#404041"/>
<path d="M60.5996 56.3C60.1996 56.2 59.7996 56.5 59.6996 56.9C59.5996 57.3 59.8996 57.7 60.2996 57.8C60.3996 57.8 60.3996 57.8 60.4996 57.8C60.8996 57.8 61.1996 57.6 61.2996 57.2C61.3996 56.8 61.0996 56.4 60.5996 56.3Z" fill="#404041"/>
<path d="M61.2997 53.6C61.1997 53.2 60.7997 52.9 60.3997 53C59.9997 53.1 59.6997 53.5 59.7997 53.9C59.7997 54.3 60.1997 54.5 60.4997 54.5C60.5997 54.5 60.5997 54.5 60.6997 54.5C61.0997 54.4 61.3997 54 61.2997 53.6Z" fill="#404041"/>
<path d="M59.7997 53.9C59.7997 54.3 60.1997 54.5 60.4997 54.5C60.5997 54.5 60.5997 54.5 60.6997 54.5C61.0997 54.4 61.3997 54 61.2997 53.6C61.1997 53.2 60.7997 52.9 60.3997 53C59.9997 53.1 59.6997 53.5 59.7997 53.9Z" fill="#404041"/>
<path d="M60.5996 56.3C60.1996 56.2 59.7996 56.5 59.6996 56.9C59.5996 57.3 59.8996 57.7 60.2996 57.8C60.3996 57.8 60.3996 57.8 60.4996 57.8C60.8996 57.8 61.1996 57.6 61.2996 57.2C61.3996 56.8 61.0996 56.4 60.5996 56.3Z" fill="#404041"/>
<path d="M58.7999 50.9C58.8999 51.2 59.1999 51.4 59.4999 51.4H59.7999C60.1999 51.2 60.3999 50.8 60.2999 50.4C60.0999 50 59.6999 49.8 59.2999 49.9C58.8999 50.1 58.6999 50.5 58.7999 50.9Z" fill="#404041"/>
<path d="M58.5 59.4C58.2 59.8 58.3 60.2 58.6 60.5C58.8 60.6 58.9 60.7 59.1 60.7C59.3 60.7 59.5 60.6 59.7 60.4C59.9 60.1 59.9 59.6 59.6 59.3C59.3 59 58.8 59.1 58.5 59.4Z" fill="#404041"/>
<path d="M57.7999 47.8C57.8999 48.1 58.1999 48.3 58.4999 48.3C58.4999 48.3 58.5999 48.3 58.6999 48.3C59.0999 48.1 59.2999 47.7 59.1999 47.3C59.0999 46.9 58.5999 46.7 58.2999 46.8C57.8999 47 57.6999 47.4 57.7999 47.8Z" fill="#404041"/>
<path d="M58.1999 53.5L53.8999 41.2C53.7999 40.9 53.4999 40.7 53.1999 40.7C52.8999 40.7 52.5999 40.9 52.4999 41.2L48.1999 53.5C47.5999 55.4 48.0999 57.5 49.4999 58.9C50.4999 59.9 51.8999 60.4 53.2999 60.4C54.6999 60.4 55.9999 59.9 56.9999 58.9C58.3999 57.5 58.8999 55.5 58.1999 53.5ZM55.8999 57.9C55.1999 58.6 54.2999 59 53.2999 59C52.2999 59 51.3999 58.6 50.6999 57.9C49.6999 56.9 49.2999 55.3999 49.7999 54.0999L53.2999 43.9L56.7999 54C57.2999 55.5 56.8999 56.9 55.8999 57.9Z" fill="#404041"/>
<path d="M56.5997 44.6999C56.6997 44.9999 56.9997 45.1999 57.2997 45.1999H57.5997C57.9997 44.9999 58.1997 44.5999 58.0997 44.1999C57.9997 43.7999 57.4997 43.5999 57.0997 43.6999C56.6997 43.8999 56.4997 44.2999 56.5997 44.6999Z" fill="#404041"/>
<path d="M56.1997 61.3C55.7997 61.5 55.5997 61.9 55.7997 62.3C55.8997 62.5 56.1997 62.7 56.4997 62.7C56.5997 62.7 56.6997 62.7 56.7997 62.6C57.1997 62.4 57.3997 62 57.1997 61.7C57.0997 61.3 56.5997 61.1 56.1997 61.3Z" fill="#404041"/>
<path d="M53.3 61.7999C52.8 61.7999 52.5 62.1999 52.5 62.5999C52.5 63.0999 52.9 63.3999 53.3 63.3999C53.7 63.3999 54 63.0999 54.1 62.5999C54.1 62.0999 53.7 61.7999 53.3 61.7999Z" fill="#404041"/>
<path d="M50 42.0999C50 42.0999 50.1 42.0999 50.2 42.0999C50.5 42.0999 50.8 41.8999 50.9 41.5999C51 41.1999 50.8 40.6999 50.4 40.5999C50 40.4999 49.5 40.6999 49.4 41.0999C49.3 41.4999 49.5 41.9999 50 42.0999Z" fill="#404041"/>
<path d="M50.2997 61.2C49.9997 61.1 49.4997 61.2 49.2997 61.6C49.1997 62 49.2997 62.4 49.6997 62.6C49.7997 62.7 49.8997 62.7 49.9997 62.7C50.2997 62.7 50.5997 62.6 50.6997 62.3C50.8997 61.9 50.7997 61.4 50.2997 61.2Z" fill="#404041"/>
<path d="M48.9997 45.1999C48.9997 45.1999 49.0997 45.1999 49.1997 45.1999C49.4997 45.1999 49.7997 44.9999 49.8997 44.6999C49.9997 44.2999 49.7997 43.7999 49.3997 43.6999C48.9997 43.5999 48.4997 43.7999 48.3997 44.1999C48.1997 44.5999 48.3997 45.0999 48.9997 45.1999Z" fill="#404041"/>
<path d="M47.7999 48.3H48.0999C48.3999 48.3 48.6999 48.1 48.7999 47.8C48.8999 47.4 48.6999 46.9 48.2999 46.8C47.8999 46.7 47.3999 46.9 47.2999 47.3C47.1999 47.7 47.3999 48.2 47.7999 48.3Z" fill="#404041"/>
<path d="M46.8998 59.3C46.5998 59.6 46.4998 60.1 46.7998 60.4C46.9998 60.6 47.1998 60.7 47.3998 60.7C47.5998 60.7 47.7998 60.6 47.8998 60.5C48.2998 60.2 48.2998 59.8 47.9998 59.4C47.6998 59.1 47.1998 59 46.8998 59.3Z" fill="#404041"/>
<path d="M46.7998 51.4C46.7998 51.4 46.8998 51.4 46.9998 51.4C47.2998 51.4 47.5998 51.2 47.6998 50.9C47.7998 50.5 47.5998 50 47.1998 49.9C46.7998 49.8 46.2998 50 46.1998 50.4C46.0998 50.8 46.2998 51.3 46.7998 51.4Z" fill="#404041"/>
<path d="M46.6996 56.9C46.5996 56.5 46.1996 56.2 45.7996 56.3C45.3996 56.4 45.0996 56.8 45.1996 57.2C45.2996 57.6 45.6996 57.8 45.9996 57.8C46.0996 57.8 46.0996 57.8 46.1996 57.8C46.5996 57.7 46.7996 57.2 46.6996 56.9Z" fill="#404041"/>
<path d="M45.6998 54.5C45.7998 54.5 45.7998 54.5 45.8998 54.5C46.2998 54.5 46.5998 54.3 46.6998 53.9C46.7998 53.5 46.4998 53.1 46.0998 53C45.6998 52.9 45.2998 53.2 45.1998 53.6C45.0998 54 45.3998 54.4 45.6998 54.5Z" fill="#404041"/>
<path d="M53.1998 8.69998C51.1998 8.69998 49.5998 10.3 49.5998 12.3C49.5998 14.3 51.1998 15.9 53.1998 15.9C55.1998 15.9 56.7998 14.3 56.7998 12.3C56.7998 10.3 55.1998 8.69998 53.1998 8.69998ZM53.1998 14.4C51.9998 14.4 51.0998 13.4 51.0998 12.3C51.0998 11.1 51.9998 10.2 53.1998 10.2C54.3998 10.2 55.2998 11.2 55.2998 12.3C55.2998 13.4 54.3998 14.4 53.1998 14.4ZM53.1998 8.69998C51.1998 8.69998 49.5998 10.3 49.5998 12.3C49.5998 14.3 51.1998 15.9 53.1998 15.9C55.1998 15.9 56.7998 14.3 56.7998 12.3C56.7998 10.3 55.1998 8.69998 53.1998 8.69998ZM53.1998 14.4C51.9998 14.4 51.0998 13.4 51.0998 12.3C51.0998 11.1 51.9998 10.2 53.1998 10.2C54.3998 10.2 55.2998 11.2 55.2998 12.3C55.2998 13.4 54.3998 14.4 53.1998 14.4ZM63.5998 51.9L55.1998 27.8C56.2998 27.1 57.0998 25.9 57.0998 24.5C57.0998 22.7 55.7998 21.2 53.9998 20.8V19.7C57.7998 19.3 60.6998 16.2 60.6998 12.4C60.6998 8.39998 57.3998 5.09998 53.2998 5.09998C49.1998 5.09998 45.8998 8.39998 45.8998 12.4C45.8998 16.2 48.8998 19.3 52.5998 19.7V20.8C50.7998 21.1 49.4998 22.7 49.4998 24.5C49.4998 25.9 50.2998 27.1 51.3998 27.8L42.9998 51.9C41.5998 55.8 42.5998 60 45.5998 62.9C47.6998 64.9 50.3998 66 53.2998 66C56.1998 66 58.8998 64.9 60.9998 62.9C63.8998 60 64.8998 55.7 63.5998 51.9ZM47.2998 12.2C47.2998 8.99998 49.9998 6.39998 53.1998 6.39998C56.4998 6.39998 59.0998 8.99998 59.0998 12.2C59.0998 15.4 56.4998 18 53.1998 18C49.8998 18 47.2998 15.5 47.2998 12.2ZM50.9998 24.4C50.9998 23.5 51.5998 22.6 52.4998 22.3V24.4C52.4998 24.9 52.8998 25.2 53.2998 25.2C53.7998 25.2 54.0998 24.8 54.0998 24.4V22.3C54.9998 22.6 55.5998 23.4 55.5998 24.4C55.5998 25.7 54.5998 26.7 53.2998 26.7C51.9998 26.7 50.8998 25.7 50.9998 24.4ZM59.6998 61.8C57.8998 63.5 55.5998 64.5 53.0998 64.5C50.5998 64.5 48.2998 63.5 46.4998 61.8C43.9998 59.3 43.0998 55.6 44.2998 52.3L52.6998 28.2H53.6998L61.8998 52.3C63.0998 55.7 62.1998 59.2 59.6998 61.8ZM56.7998 12.2C56.7998 10.2 55.1998 8.59998 53.1998 8.59998C51.1998 8.59998 49.5998 10.2 49.5998 12.2C49.5998 14.2 51.1998 15.8 53.1998 15.8C55.1998 15.8 56.7998 14.2 56.7998 12.2ZM51.0998 12.2C51.0998 11 51.9998 10.1 53.1998 10.1C54.3998 10.1 55.2998 11.1 55.2998 12.2C55.2998 13.3 54.3998 14.3 53.1998 14.3C51.9998 14.3 51.0998 13.4 51.0998 12.2Z" fill="#404041"/>
<path d="M60.3997 53C59.9997 53.1 59.6997 53.5 59.7997 53.9C59.7997 54.3 60.1997 54.5 60.4997 54.5C60.5997 54.5 60.5997 54.5 60.6997 54.5C61.0997 54.4 61.3997 54 61.2997 53.6C61.1997 53.2 60.7997 52.9 60.3997 53Z" fill="#404041"/>
<path d="M60.5996 56.3C60.1996 56.2 59.7996 56.5 59.6996 56.9C59.5996 57.3 59.8996 57.7 60.2996 57.8C60.3996 57.8 60.3996 57.8 60.4996 57.8C60.8996 57.8 61.1996 57.6 61.2996 57.2C61.3996 56.8 61.0996 56.4 60.5996 56.3Z" fill="#404041"/>
<path d="M58.7999 50.9C58.8999 51.2 59.1999 51.4 59.4999 51.4H59.7999C60.1999 51.2 60.3999 50.8 60.2999 50.4C60.0999 50 59.6999 49.8 59.2999 49.9C58.8999 50.1 58.6999 50.5 58.7999 50.9Z" fill="#404041"/>
<path d="M58.5 59.4C58.2 59.8 58.3 60.2 58.6 60.5C58.8 60.6 58.9 60.7 59.1 60.7C59.3 60.7 59.5 60.6 59.7 60.4C59.9 60.1 59.9 59.6 59.6 59.3C59.3 59 58.8 59.1 58.5 59.4Z" fill="#404041"/>
<path d="M57.7999 47.8C57.8999 48.1 58.1999 48.3 58.4999 48.3C58.4999 48.3 58.5999 48.3 58.6999 48.3C59.0999 48.1 59.2999 47.7 59.1999 47.3C59.0999 46.9 58.5999 46.7 58.2999 46.8C57.8999 47 57.6999 47.4 57.7999 47.8Z" fill="#404041"/>
<path d="M56.5997 44.6999C56.6997 44.9999 56.9997 45.1999 57.2997 45.1999H57.5997C57.9997 44.9999 58.1997 44.5999 58.0997 44.1999C57.9997 43.7999 57.4997 43.5999 57.0997 43.6999C56.6997 43.8999 56.4997 44.2999 56.5997 44.6999Z" fill="#404041"/>
<path d="M56.1997 61.3C55.7997 61.5 55.5997 61.9 55.7997 62.3C55.8997 62.5 56.1997 62.7 56.4997 62.7C56.5997 62.7 56.6997 62.7 56.7997 62.6C57.1997 62.4 57.3997 62 57.1997 61.7C57.0997 61.3 56.5997 61.1 56.1997 61.3Z" fill="#404041"/>
<path d="M53.3 61.7999C52.8 61.7999 52.5 62.1999 52.5 62.5999C52.5 63.0999 52.9 63.3999 53.3 63.3999C53.7 63.3999 54 63.0999 54.1 62.5999C54.1 62.0999 53.7 61.7999 53.3 61.7999Z" fill="#404041"/>
<path d="M50 42.0999C50 42.0999 50.1 42.0999 50.2 42.0999C50.5 42.0999 50.8 41.8999 50.9 41.5999C51 41.1999 50.8 40.6999 50.4 40.5999C50 40.4999 49.5 40.6999 49.4 41.0999C49.3 41.4999 49.5 41.9999 50 42.0999Z" fill="#404041"/>
<path d="M50.2997 61.2C49.9997 61.1 49.4997 61.2 49.2997 61.6C49.1997 62 49.2997 62.4 49.6997 62.6C49.7997 62.7 49.8997 62.7 49.9997 62.7C50.2997 62.7 50.5997 62.6 50.6997 62.3C50.8997 61.9 50.7997 61.4 50.2997 61.2Z" fill="#404041"/>
<path d="M48.9997 45.1999C48.9997 45.1999 49.0997 45.1999 49.1997 45.1999C49.4997 45.1999 49.7997 44.9999 49.8997 44.6999C49.9997 44.2999 49.7997 43.7999 49.3997 43.6999C48.9997 43.5999 48.4997 43.7999 48.3997 44.1999C48.1997 44.5999 48.3997 45.0999 48.9997 45.1999Z" fill="#404041"/>
<path d="M47.7999 48.3H48.0999C48.3999 48.3 48.6999 48.1 48.7999 47.8C48.8999 47.4 48.6999 46.9 48.2999 46.8C47.8999 46.7 47.3999 46.9 47.2999 47.3C47.1999 47.7 47.3999 48.2 47.7999 48.3Z" fill="#404041"/>
<path d="M46.8998 59.3C46.5998 59.6 46.4998 60.1 46.7998 60.4C46.9998 60.6 47.1998 60.7 47.3998 60.7C47.5998 60.7 47.7998 60.6 47.8998 60.5C48.2998 60.2 48.2998 59.8 47.9998 59.4C47.6998 59.1 47.1998 59 46.8998 59.3Z" fill="#404041"/>
<path d="M46.7998 51.4C46.7998 51.4 46.8998 51.4 46.9998 51.4C47.2998 51.4 47.5998 51.2 47.6998 50.9C47.7998 50.5 47.5998 50 47.1998 49.9C46.7998 49.8 46.2998 50 46.1998 50.4C46.0998 50.8 46.2998 51.3 46.7998 51.4Z" fill="#404041"/>
<path d="M46.6996 56.9C46.5996 56.5 46.1996 56.2 45.7996 56.3C45.3996 56.4 45.0996 56.8 45.1996 57.2C45.2996 57.6 45.6996 57.8 45.9996 57.8C46.0996 57.8 46.0996 57.8 46.1996 57.8C46.5996 57.7 46.7996 57.2 46.6996 56.9Z" fill="#404041"/>
<path d="M45.6998 54.5C45.7998 54.5 45.7998 54.5 45.8998 54.5C46.2998 54.5 46.5998 54.3 46.6998 53.9C46.7998 53.5 46.4998 53.1 46.0998 53C45.6998 52.9 45.2998 53.2 45.1998 53.6C45.0998 54 45.3998 54.4 45.6998 54.5Z" fill="#404041"/>
<path d="M46.0998 53C45.6998 52.9 45.2998 53.2 45.1998 53.6C45.0998 54 45.3998 54.4 45.6998 54.5C45.7998 54.5 45.7998 54.5 45.8998 54.5C46.2998 54.5 46.5998 54.3 46.6998 53.9C46.7998 53.5 46.4998 53.1 46.0998 53Z" fill="#404041"/>
<path d="M46.6996 56.9C46.5996 56.5 46.1996 56.2 45.7996 56.3C45.3996 56.4 45.0996 56.8 45.1996 57.2C45.2996 57.6 45.6996 57.8 45.9996 57.8C46.0996 57.8 46.0996 57.8 46.1996 57.8C46.5996 57.7 46.7996 57.2 46.6996 56.9Z" fill="#404041"/>
<path d="M47.1998 49.9C46.7998 49.8 46.2998 50 46.1998 50.4C46.0998 50.8 46.2998 51.3 46.7998 51.4C46.7998 51.4 46.8998 51.4 46.9998 51.4C47.2998 51.4 47.5998 51.2 47.6998 50.9C47.7998 50.5 47.5998 50 47.1998 49.9Z" fill="#404041"/>
<path d="M47.9998 59.4C47.6998 59.1 47.1998 59 46.8998 59.3C46.5998 59.6 46.4998 60.1 46.7998 60.4C46.9998 60.6 47.1998 60.7 47.3998 60.7C47.5998 60.7 47.7998 60.6 47.8998 60.5C48.2998 60.2 48.2998 59.8 47.9998 59.4Z" fill="#404041"/>
<path d="M48.2999 46.8C47.8999 46.7 47.3999 46.9 47.2999 47.3C47.1999 47.7 47.3999 48.2 47.7999 48.3H48.0999C48.3999 48.3 48.6999 48.1 48.7999 47.8C48.8999 47.4 48.6999 46.9 48.2999 46.8Z" fill="#404041"/>
<path d="M49.3997 43.6999C48.9997 43.5999 48.4997 43.7999 48.3997 44.1999C48.1997 44.5999 48.3997 45.0999 48.9997 45.1999C48.9997 45.1999 49.0997 45.1999 49.1997 45.1999C49.4997 45.1999 49.7997 44.9999 49.8997 44.6999C49.9997 44.2999 49.7997 43.7999 49.3997 43.6999Z" fill="#404041"/>
<path d="M50.2997 61.2C49.9997 61.1 49.4997 61.2 49.2997 61.6C49.1997 62 49.2997 62.4 49.6997 62.6C49.7997 62.7 49.8997 62.7 49.9997 62.7C50.2997 62.7 50.5997 62.6 50.6997 62.3C50.8997 61.9 50.7997 61.4 50.2997 61.2Z" fill="#404041"/>
<path d="M50.4 40.5999C50 40.4999 49.5 40.6999 49.4 41.0999C49.3 41.4999 49.5 41.9999 50 42.0999C50 42.0999 50.1 42.0999 50.2 42.0999C50.5 42.0999 50.8 41.8999 50.9 41.5999C51 41.1999 50.8 40.6999 50.4 40.5999Z" fill="#404041"/>
<path d="M53.3 61.7999C52.8 61.7999 52.5 62.1999 52.5 62.5999C52.5 63.0999 52.9 63.3999 53.3 63.3999C53.7 63.3999 54 63.0999 54.1 62.5999C54.1 62.0999 53.7 61.7999 53.3 61.7999Z" fill="#404041"/>
<path d="M57.1997 61.7C57.0997 61.3 56.5997 61.1 56.1997 61.3C55.7997 61.5 55.5997 61.9 55.7997 62.3C55.8997 62.5 56.1997 62.7 56.4997 62.7C56.5997 62.7 56.6997 62.7 56.7997 62.6C57.1997 62.4 57.3997 62 57.1997 61.7Z" fill="#404041"/>
<path d="M58.0997 44.1999C57.9997 43.7999 57.4997 43.5999 57.0997 43.6999C56.6997 43.8999 56.4997 44.2999 56.5997 44.6999C56.6997 44.9999 56.9997 45.1999 57.2997 45.1999H57.5997C57.9997 44.9999 58.1997 44.5999 58.0997 44.1999Z" fill="#404041"/>
<path d="M59.1999 47.3C59.0999 46.9 58.5999 46.7 58.2999 46.8C57.8999 47 57.6999 47.4 57.7999 47.8C57.8999 48.1 58.1999 48.3 58.4999 48.3C58.4999 48.3 58.5999 48.3 58.6999 48.3C59.0999 48.1 59.2999 47.7 59.1999 47.3Z" fill="#404041"/>
<path d="M59.6 59.3C59.3 59 58.8 59.1 58.5 59.4C58.2 59.8 58.3 60.2 58.6 60.5C58.8 60.6 58.9 60.7 59.1 60.7C59.3 60.7 59.5 60.6 59.7 60.4C59.9 60.1 59.9 59.6 59.6 59.3Z" fill="#404041"/>
<path d="M60.2999 50.4C60.0999 50 59.6999 49.8 59.2999 49.9C58.8999 50.1 58.6999 50.5 58.7999 50.9C58.8999 51.2 59.1999 51.4 59.4999 51.4H59.7999C60.1999 51.2 60.3999 50.8 60.2999 50.4Z" fill="#404041"/>
<path d="M60.5996 56.3C60.1996 56.2 59.7996 56.5 59.6996 56.9C59.5996 57.3 59.8996 57.7 60.2996 57.8C60.3996 57.8 60.3996 57.8 60.4996 57.8C60.8996 57.8 61.1996 57.6 61.2996 57.2C61.3996 56.8 61.0996 56.4 60.5996 56.3Z" fill="#404041"/>
<path d="M61.2997 53.6C61.1997 53.2 60.7997 52.9 60.3997 53C59.9997 53.1 59.6997 53.5 59.7997 53.9C59.7997 54.3 60.1997 54.5 60.4997 54.5C60.5997 54.5 60.5997 54.5 60.6997 54.5C61.0997 54.4 61.3997 54 61.2997 53.6Z" fill="#404041"/>
<path d="M61.2997 53.6C61.1997 53.2 60.7997 52.9 60.3997 53C59.9997 53.1 59.6997 53.5 59.7997 53.9C59.7997 54.3 60.1997 54.5 60.4997 54.5C60.5997 54.5 60.5997 54.5 60.6997 54.5C61.0997 54.4 61.3997 54 61.2997 53.6Z" fill="#404041"/>
<path d="M60.5996 56.3C60.1996 56.2 59.7996 56.5 59.6996 56.9C59.5996 57.3 59.8996 57.7 60.2996 57.8C60.3996 57.8 60.3996 57.8 60.4996 57.8C60.8996 57.8 61.1996 57.6 61.2996 57.2C61.3996 56.8 61.0996 56.4 60.5996 56.3Z" fill="#404041"/>
<path d="M60.2999 50.4C60.0999 50 59.6999 49.8 59.2999 49.9C58.8999 50.1 58.6999 50.5 58.7999 50.9C58.8999 51.2 59.1999 51.4 59.4999 51.4H59.7999C60.1999 51.2 60.3999 50.8 60.2999 50.4Z" fill="#404041"/>
<path d="M59.6 59.3C59.3 59 58.8 59.1 58.5 59.4C58.2 59.8 58.3 60.2 58.6 60.5C58.8 60.6 58.9 60.7 59.1 60.7C59.3 60.7 59.5 60.6 59.7 60.4C59.9 60.1 59.9 59.6 59.6 59.3Z" fill="#404041"/>
<path d="M59.1999 47.3C59.0999 46.9 58.5999 46.7 58.2999 46.8C57.8999 47 57.6999 47.4 57.7999 47.8C57.8999 48.1 58.1999 48.3 58.4999 48.3C58.4999 48.3 58.5999 48.3 58.6999 48.3C59.0999 48.1 59.2999 47.7 59.1999 47.3Z" fill="#404041"/>
<path d="M58.0997 44.1999C57.9997 43.7999 57.4997 43.5999 57.0997 43.6999C56.6997 43.8999 56.4997 44.2999 56.5997 44.6999C56.6997 44.9999 56.9997 45.1999 57.2997 45.1999H57.5997C57.9997 44.9999 58.1997 44.5999 58.0997 44.1999Z" fill="#404041"/>
<path d="M57.1997 61.7C57.0997 61.3 56.5997 61.1 56.1997 61.3C55.7997 61.5 55.5997 61.9 55.7997 62.3C55.8997 62.5 56.1997 62.7 56.4997 62.7C56.5997 62.7 56.6997 62.7 56.7997 62.6C57.1997 62.4 57.3997 62 57.1997 61.7Z" fill="#404041"/>
<path d="M53.3 61.7999C52.8 61.7999 52.5 62.1999 52.5 62.5999C52.5 63.0999 52.9 63.3999 53.3 63.3999C53.7 63.3999 54 63.0999 54.1 62.5999C54.1 62.0999 53.7 61.7999 53.3 61.7999Z" fill="#404041"/>
<path d="M50.4 40.5999C50 40.4999 49.5 40.6999 49.4 41.0999C49.3 41.4999 49.5 41.9999 50 42.0999C50 42.0999 50.1 42.0999 50.2 42.0999C50.5 42.0999 50.8 41.8999 50.9 41.5999C51 41.1999 50.8 40.6999 50.4 40.5999Z" fill="#404041"/>
<path d="M50.2997 61.2C49.9997 61.1 49.4997 61.2 49.2997 61.6C49.1997 62 49.2997 62.4 49.6997 62.6C49.7997 62.7 49.8997 62.7 49.9997 62.7C50.2997 62.7 50.5997 62.6 50.6997 62.3C50.8997 61.9 50.7997 61.4 50.2997 61.2Z" fill="#404041"/>
<path d="M49.3997 43.6999C48.9997 43.5999 48.4997 43.7999 48.3997 44.1999C48.1997 44.5999 48.3997 45.0999 48.9997 45.1999C48.9997 45.1999 49.0997 45.1999 49.1997 45.1999C49.4997 45.1999 49.7997 44.9999 49.8997 44.6999C49.9997 44.2999 49.7997 43.7999 49.3997 43.6999Z" fill="#404041"/>
<path d="M48.2999 46.8C47.8999 46.7 47.3999 46.9 47.2999 47.3C47.1999 47.7 47.3999 48.2 47.7999 48.3H48.0999C48.3999 48.3 48.6999 48.1 48.7999 47.8C48.8999 47.4 48.6999 46.9 48.2999 46.8Z" fill="#404041"/>
<path d="M47.9998 59.4C47.6998 59.1 47.1998 59 46.8998 59.3C46.5998 59.6 46.4998 60.1 46.7998 60.4C46.9998 60.6 47.1998 60.7 47.3998 60.7C47.5998 60.7 47.7998 60.6 47.8998 60.5C48.2998 60.2 48.2998 59.8 47.9998 59.4Z" fill="#404041"/>
<path d="M47.1998 49.9C46.7998 49.8 46.2998 50 46.1998 50.4C46.0998 50.8 46.2998 51.3 46.7998 51.4C46.7998 51.4 46.8998 51.4 46.9998 51.4C47.2998 51.4 47.5998 51.2 47.6998 50.9C47.7998 50.5 47.5998 50 47.1998 49.9Z" fill="#404041"/>
<path d="M46.6996 56.9C46.5996 56.5 46.1996 56.2 45.7996 56.3C45.3996 56.4 45.0996 56.8 45.1996 57.2C45.2996 57.6 45.6996 57.8 45.9996 57.8C46.0996 57.8 46.0996 57.8 46.1996 57.8C46.5996 57.7 46.7996 57.2 46.6996 56.9Z" fill="#404041"/>
<path d="M46.0998 53C45.6998 52.9 45.2998 53.2 45.1998 53.6C45.0998 54 45.3998 54.4 45.6998 54.5C45.7998 54.5 45.7998 54.5 45.8998 54.5C46.2998 54.5 46.5998 54.3 46.6998 53.9C46.7998 53.5 46.4998 53.1 46.0998 53Z" fill="#404041"/>
<path d="M46.0998 53C45.6998 52.9 45.2998 53.2 45.1998 53.6C45.0998 54 45.3998 54.4 45.6998 54.5C45.7998 54.5 45.7998 54.5 45.8998 54.5C46.2998 54.5 46.5998 54.3 46.6998 53.9C46.7998 53.5 46.4998 53.1 46.0998 53Z" fill="#404041"/>
<path d="M46.6996 56.9C46.5996 56.5 46.1996 56.2 45.7996 56.3C45.3996 56.4 45.0996 56.8 45.1996 57.2C45.2996 57.6 45.6996 57.8 45.9996 57.8C46.0996 57.8 46.0996 57.8 46.1996 57.8C46.5996 57.7 46.7996 57.2 46.6996 56.9Z" fill="#404041"/>
<path d="M47.1998 49.9C46.7998 49.8 46.2998 50 46.1998 50.4C46.0998 50.8 46.2998 51.3 46.7998 51.4C46.7998 51.4 46.8998 51.4 46.9998 51.4C47.2998 51.4 47.5998 51.2 47.6998 50.9C47.7998 50.5 47.5998 50 47.1998 49.9Z" fill="#404041"/>
<path d="M47.9998 59.4C47.6998 59.1 47.1998 59 46.8998 59.3C46.5998 59.6 46.4998 60.1 46.7998 60.4C46.9998 60.6 47.1998 60.7 47.3998 60.7C47.5998 60.7 47.7998 60.6 47.8998 60.5C48.2998 60.2 48.2998 59.8 47.9998 59.4Z" fill="#404041"/>
<path d="M48.2999 46.8C47.8999 46.7 47.3999 46.9 47.2999 47.3C47.1999 47.7 47.3999 48.2 47.7999 48.3H48.0999C48.3999 48.3 48.6999 48.1 48.7999 47.8C48.8999 47.4 48.6999 46.9 48.2999 46.8Z" fill="#404041"/>
<path d="M49.3997 43.6999C48.9997 43.5999 48.4997 43.7999 48.3997 44.1999C48.1997 44.5999 48.3997 45.0999 48.9997 45.1999C48.9997 45.1999 49.0997 45.1999 49.1997 45.1999C49.4997 45.1999 49.7997 44.9999 49.8997 44.6999C49.9997 44.2999 49.7997 43.7999 49.3997 43.6999Z" fill="#404041"/>
<path d="M50.2997 61.2C49.9997 61.1 49.4997 61.2 49.2997 61.6C49.1997 62 49.2997 62.4 49.6997 62.6C49.7997 62.7 49.8997 62.7 49.9997 62.7C50.2997 62.7 50.5997 62.6 50.6997 62.3C50.8997 61.9 50.7997 61.4 50.2997 61.2Z" fill="#404041"/>
<path d="M50.4 40.5999C50 40.4999 49.5 40.6999 49.4 41.0999C49.3 41.4999 49.5 41.9999 50 42.0999C50 42.0999 50.1 42.0999 50.2 42.0999C50.5 42.0999 50.8 41.8999 50.9 41.5999C51 41.1999 50.8 40.6999 50.4 40.5999Z" fill="#404041"/>
<path d="M53.3 61.7999C52.8 61.7999 52.5 62.1999 52.5 62.5999C52.5 63.0999 52.9 63.3999 53.3 63.3999C53.7 63.3999 54 63.0999 54.1 62.5999C54.1 62.0999 53.7 61.7999 53.3 61.7999Z" fill="#404041"/>
<path d="M57.1997 61.7C57.0997 61.3 56.5997 61.1 56.1997 61.3C55.7997 61.5 55.5997 61.9 55.7997 62.3C55.8997 62.5 56.1997 62.7 56.4997 62.7C56.5997 62.7 56.6997 62.7 56.7997 62.6C57.1997 62.4 57.3997 62 57.1997 61.7Z" fill="#404041"/>
<path d="M58.0997 44.1999C57.9997 43.7999 57.4997 43.5999 57.0997 43.6999C56.6997 43.8999 56.4997 44.2999 56.5997 44.6999C56.6997 44.9999 56.9997 45.1999 57.2997 45.1999H57.5997C57.9997 44.9999 58.1997 44.5999 58.0997 44.1999Z" fill="#404041"/>
<path d="M59.1999 47.3C59.0999 46.9 58.5999 46.7 58.2999 46.8C57.8999 47 57.6999 47.4 57.7999 47.8C57.8999 48.1 58.1999 48.3 58.4999 48.3C58.4999 48.3 58.5999 48.3 58.6999 48.3C59.0999 48.1 59.2999 47.7 59.1999 47.3Z" fill="#404041"/>
<path d="M59.6 59.3C59.3 59 58.8 59.1 58.5 59.4C58.2 59.8 58.3 60.2 58.6 60.5C58.8 60.6 58.9 60.7 59.1 60.7C59.3 60.7 59.5 60.6 59.7 60.4C59.9 60.1 59.9 59.6 59.6 59.3Z" fill="#404041"/>
<path d="M60.2999 50.4C60.0999 50 59.6999 49.8 59.2999 49.9C58.8999 50.1 58.6999 50.5 58.7999 50.9C58.8999 51.2 59.1999 51.4 59.4999 51.4H59.7999C60.1999 51.2 60.3999 50.8 60.2999 50.4Z" fill="#404041"/>
<path d="M60.5996 56.3C60.1996 56.2 59.7996 56.5 59.6996 56.9C59.5996 57.3 59.8996 57.7 60.2996 57.8C60.3996 57.8 60.3996 57.8 60.4996 57.8C60.8996 57.8 61.1996 57.6 61.2996 57.2C61.3996 56.8 61.0996 56.4 60.5996 56.3Z" fill="#404041"/>
<path d="M61.2997 53.6C61.1997 53.2 60.7997 52.9 60.3997 53C59.9997 53.1 59.6997 53.5 59.7997 53.9C59.7997 54.3 60.1997 54.5 60.4997 54.5C60.5997 54.5 60.5997 54.5 60.6997 54.5C61.0997 54.4 61.3997 54 61.2997 53.6Z" fill="#404041"/>
<path d="M61.2997 53.6C61.1997 53.2 60.7997 52.9 60.3997 53C59.9997 53.1 59.6997 53.5 59.7997 53.9C59.7997 54.3 60.1997 54.5 60.4997 54.5C60.5997 54.5 60.5997 54.5 60.6997 54.5C61.0997 54.4 61.3997 54 61.2997 53.6Z" fill="#404041"/>
<path d="M60.5996 56.3C60.1996 56.2 59.7996 56.5 59.6996 56.9C59.5996 57.3 59.8996 57.7 60.2996 57.8C60.3996 57.8 60.3996 57.8 60.4996 57.8C60.8996 57.8 61.1996 57.6 61.2996 57.2C61.3996 56.8 61.0996 56.4 60.5996 56.3Z" fill="#404041"/>
<path d="M60.2999 50.4C60.0999 50 59.6999 49.8 59.2999 49.9C58.8999 50.1 58.6999 50.5 58.7999 50.9C58.8999 51.2 59.1999 51.4 59.4999 51.4H59.7999C60.1999 51.2 60.3999 50.8 60.2999 50.4Z" fill="#404041"/>
<path d="M59.6 59.3C59.3 59 58.8 59.1 58.5 59.4C58.2 59.8 58.3 60.2 58.6 60.5C58.8 60.6 58.9 60.7 59.1 60.7C59.3 60.7 59.5 60.6 59.7 60.4C59.9 60.1 59.9 59.6 59.6 59.3Z" fill="#404041"/>
<path d="M59.1999 47.3C59.0999 46.9 58.5999 46.7 58.2999 46.8C57.8999 47 57.6999 47.4 57.7999 47.8C57.8999 48.1 58.1999 48.3 58.4999 48.3C58.4999 48.3 58.5999 48.3 58.6999 48.3C59.0999 48.1 59.2999 47.7 59.1999 47.3Z" fill="#404041"/>
<path d="M58.0997 44.1999C57.9997 43.7999 57.4997 43.5999 57.0997 43.6999C56.6997 43.8999 56.4997 44.2999 56.5997 44.6999C56.6997 44.9999 56.9997 45.1999 57.2997 45.1999H57.5997C57.9997 44.9999 58.1997 44.5999 58.0997 44.1999Z" fill="#404041"/>
<path d="M57.1997 61.7C57.0997 61.3 56.5997 61.1 56.1997 61.3C55.7997 61.5 55.5997 61.9 55.7997 62.3C55.8997 62.5 56.1997 62.7 56.4997 62.7C56.5997 62.7 56.6997 62.7 56.7997 62.6C57.1997 62.4 57.3997 62 57.1997 61.7Z" fill="#404041"/>
<path d="M57.0998 41.0999C56.8998 40.6999 56.4998 40.4999 56.1998 40.5999C55.7998 40.7999 55.5998 41.1999 55.6998 41.5999C55.7998 41.8999 56.0998 42.0999 56.3998 42.0999C56.3998 42.0999 56.4998 42.0999 56.5998 42.0999C56.9998 41.8999 57.1998 41.4999 57.0998 41.0999Z" fill="#404041"/>
<path d="M55.9996 38.0999C55.7996 37.6999 55.3996 37.4999 54.9996 37.5999C54.5996 37.6999 54.3996 38.0999 54.4996 38.5999C54.5996 38.8999 54.8996 39.0999 55.1996 39.0999H55.4996C55.8996 38.8999 56.0996 38.4999 55.9996 38.0999Z" fill="#404041"/>
<path d="M53.3 61.7999C52.8 61.7999 52.5 62.1999 52.5 62.5999C52.5 63.0999 52.9 63.3999 53.3 63.3999C53.7 63.3999 54 63.0999 54.1 62.5999C54.1 62.0999 53.7 61.7999 53.3 61.7999Z" fill="#404041"/>
<path d="M53.1999 35.2999C52.7999 35.2999 52.4999 35.5999 52.3999 36.0999C52.3999 36.5999 52.7999 36.8999 53.1999 36.8999C53.6999 36.8999 53.9999 36.4999 53.9999 36.0999C53.9999 35.5999 53.5999 35.2999 53.1999 35.2999Z" fill="#404041"/>
<path d="M51.4996 37.5C51.0996 37.4 50.5996 37.6 50.4996 38C50.3996 38.4 50.5996 38.9 51.0996 39C51.0996 39 51.1996 39 51.2996 39C51.5996 39 51.8996 38.8 51.9996 38.5C52.0996 38.1 51.8996 37.6 51.4996 37.5Z" fill="#404041"/>
<path d="M50.4 40.5999C50 40.4999 49.5 40.6999 49.4 41.0999C49.3 41.4999 49.5 41.9999 50 42.0999C50 42.0999 50.1 42.0999 50.2 42.0999C50.5 42.0999 50.8 41.8999 50.9 41.5999C51 41.1999 50.8 40.6999 50.4 40.5999Z" fill="#404041"/>
<path d="M50.2997 61.2C49.9997 61.1 49.4997 61.2 49.2997 61.6C49.1997 62 49.2997 62.4 49.6997 62.6C49.7997 62.7 49.8997 62.7 49.9997 62.7C50.2997 62.7 50.5997 62.6 50.6997 62.3C50.8997 61.9 50.7997 61.4 50.2997 61.2Z" fill="#404041"/>
<path d="M49.3997 43.6999C48.9997 43.5999 48.4997 43.7999 48.3997 44.1999C48.1997 44.5999 48.3997 45.0999 48.9997 45.1999C48.9997 45.1999 49.0997 45.1999 49.1997 45.1999C49.4997 45.1999 49.7997 44.9999 49.8997 44.6999C49.9997 44.2999 49.7997 43.7999 49.3997 43.6999Z" fill="#404041"/>
<path d="M48.2999 46.8C47.8999 46.7 47.3999 46.9 47.2999 47.3C47.1999 47.7 47.3999 48.2 47.7999 48.3H48.0999C48.3999 48.3 48.6999 48.1 48.7999 47.8C48.8999 47.4 48.6999 46.9 48.2999 46.8Z" fill="#404041"/>
<path d="M47.9998 59.4C47.6998 59.1 47.1998 59 46.8998 59.3C46.5998 59.6 46.4998 60.1 46.7998 60.4C46.9998 60.6 47.1998 60.7 47.3998 60.7C47.5998 60.7 47.7998 60.6 47.8998 60.5C48.2998 60.2 48.2998 59.8 47.9998 59.4Z" fill="#404041"/>
<path d="M47.1998 49.9C46.7998 49.8 46.2998 50 46.1998 50.4C46.0998 50.8 46.2998 51.3 46.7998 51.4C46.7998 51.4 46.8998 51.4 46.9998 51.4C47.2998 51.4 47.5998 51.2 47.6998 50.9C47.7998 50.5 47.5998 50 47.1998 49.9Z" fill="#404041"/>
<path d="M46.6996 56.9C46.5996 56.5 46.1996 56.2 45.7996 56.3C45.3996 56.4 45.0996 56.8 45.1996 57.2C45.2996 57.6 45.6996 57.8 45.9996 57.8C46.0996 57.8 46.0996 57.8 46.1996 57.8C46.5996 57.7 46.7996 57.2 46.6996 56.9Z" fill="#404041"/>
<path d="M46.0998 53C45.6998 52.9 45.2998 53.2 45.1998 53.6C45.0998 54 45.3998 54.4 45.6998 54.5C45.7998 54.5 45.7998 54.5 45.8998 54.5C46.2998 54.5 46.5998 54.3 46.6998 53.9C46.7998 53.5 46.4998 53.1 46.0998 53Z" fill="#404041"/>
